毒 //状態異常名、読み飛ばされる
1 //バフかデバフか。1ならデバフ、2ならバフ
1,2,3,4,5,6,7,8,9,10 //状態異常レベル毎の状態異常ターン数。最大レベルは10固定
10,20,30,40,50,60,70,80,90,100 //状態異常レベル毎の状態異常ターン数。
麻痺
1
1,2,3,4,5,6,7,8,9,10
10,20,30,40,50,60,70,80,90,100
スロウ
1
1,2,3,4,5,6,7,8,9,10
10,20,30,40,50,60,70,80,90,100
凍結
1
1,2,3,4,5,6,7,8,9,10
10,20,30,40,50,60,70,80,90,100
沈黙
1
1,2,3,4,5,6,7,8,9,10
10,20,30,40,50,60,70,80,90,100
石化
1
1,2,3,4,5,6,7,8,9,10
10,20,30,40,50,60,70,80,90,100
睡眠
1
1,2,3,4,5,6,7,8,9,10
10,20,30,40,50,60,70,80,90,100
けつばん
1
1,2,3,4,5,6,7,8,9,10
10,20,30,40,50,60,70,80,90,100
けつばん
1
1,2,3,4,5,6,7,8,9,10
10,20,30,40,50,60,70,80,90,100
けつばん
1
1,2,3,4,5,6,7,8,9,10
10,20,30,40,50,60,70,80,90,100
挑発
1
1,2,3,4,5,6,7,8,9,10
10,20,30,40,50,60,70,80,90,100
ウォークライ
2
1,2,3,4,5,6,7,8,9,10
10,20,30,40,50,60,70,80,90,100
